%YAML:1.0
Matrice_K_di_calibrazione: !!opencv-matrix
   rows: 3
   cols: 3
   dt: d
   data: [ 7.8267102214885444e+003, 0., 4.1455884023938700e+002, 0.,
       7.9002846846057191e+003, 4.6742698951331067e+002, 0., 0., 1. ]
Matrice_D_coefficienti_di_distorsione: !!opencv-matrix
   rows: 1
   cols: 5
   dt: d
   data: [ -3.4703849258597481e+000, 3.6904997319578274e+002,
       -1.7738675266032490e-003, 4.2531570353877619e-002,
       -1.6505827318312165e+000 ]
errore_riproiezione: 3.1288215517997742e-001
numero_punti_orizzontali_griglia: 9
numero_punti_verticali_griglia: 6
lato_quadrato_mm: 10.
vettore_traslazione:
   - !!opencv-matrix
      rows: 3
      cols: 1
      dt: d
      data: [ 7.3595957791637829e+001, 2.7552961871791243e+001,
          1.2925010266086788e+003 ]
   - !!opencv-matrix
      rows: 3
      cols: 1
      dt: d
      data: [ 6.1650176911671217e+001, 2.7395943109117983e+001,
          1.2804589918900206e+003 ]
   - !!opencv-matrix
      rows: 3
      cols: 1
      dt: d
      data: [ 6.7132648287053570e+001, 2.7034493059053720e+001,
          1.2851265944232593e+003 ]
   - !!opencv-matrix
      rows: 3
      cols: 1
      dt: d
      data: [ 7.4954228082731234e+001, 2.6671010249237241e+001,
          1.2956335383869130e+003 ]
   - !!opencv-matrix
      rows: 3
      cols: 1
      dt: d
      data: [ 7.7824669972337432e+001, 2.6191809923464572e+001,
          1.3095963371193816e+003 ]
   - !!opencv-matrix
      rows: 3
      cols: 1
      dt: d
      data: [ 7.5515282962126250e+001, 2.6253148410544977e+001,
          1.3203485685357189e+003 ]
   - !!opencv-matrix
      rows: 3
      cols: 1
      dt: d
      data: [ 7.1273966353510005e+001, 2.6432450136500020e+001,
          1.3290355200486890e+003 ]
   - !!opencv-matrix
      rows: 3
      cols: 1
      dt: d
      data: [ 6.8104075576391381e+001, 2.6532593259839832e+001,
          1.3330464094104998e+003 ]
   - !!opencv-matrix
      rows: 3
      cols: 1
      dt: d
      data: [ 6.6713241334632428e+001, 2.6618602333133985e+001,
          1.3343495238405508e+003 ]
   - !!opencv-matrix
      rows: 3
      cols: 1
      dt: d
      data: [ 7.5747827192886433e+001, 2.2480237377962769e+001,
          1.3205736477531671e+003 ]
   - !!opencv-matrix
      rows: 3
      cols: 1
      dt: d
      data: [ 7.8544280638466162e+001, 2.2431898094499136e+001,
          1.3126053920783645e+003 ]
   - !!opencv-matrix
      rows: 3
      cols: 1
      dt: d
      data: [ 7.8693213944373454e+001, 2.2814078753385783e+001,
          1.2991653273835595e+003 ]
   - !!opencv-matrix
      rows: 3
      cols: 1
      dt: d
      data: [ 6.7735155224305828e+001, 2.3285689702438837e+001,
          1.2831641588520799e+003 ]
   - !!opencv-matrix
      rows: 3
      cols: 1
      dt: d
      data: [ 5.8527905047585051e+001, 2.3756374551983843e+001,
          1.2765373080777094e+003 ]
   - !!opencv-matrix
      rows: 3
      cols: 1
      dt: d
      data: [ 6.5317724576845606e+001, 1.9695919387910955e+001,
          1.2791698769427628e+003 ]
vettore_rotazione:
   - !!opencv-matrix
      rows: 3
      cols: 1
      dt: d
      data: [ 8.4757845280150057e-001, 1.2632954385647360e-001,
          2.9150333400069761e+000 ]
   - !!opencv-matrix
      rows: 3
      cols: 1
      dt: d
      data: [ 1.3885246525697226e+000, 4.0351440198166205e-001,
          2.7916235775452152e+000 ]
   - !!opencv-matrix
      rows: 3
      cols: 1
      dt: d
      data: [ 1.0926554318091741e+000, 4.1138207518894115e-001,
          2.8868773392235654e+000 ]
   - !!opencv-matrix
      rows: 3
      cols: 1
      dt: d
      data: [ 5.6406423230982483e-001, 4.1594819038540892e-001,
          2.9860989138148706e+000 ]
   - !!opencv-matrix
      rows: 3
      cols: 1
      dt: d
      data: [ -2.6875916911913272e-001, 4.0652249305852367e-001,
          2.9517116682245206e+000 ]
   - !!opencv-matrix
      rows: 3
      cols: 1
      dt: d
      data: [ -6.9963536334127885e-001, 3.8536716745028876e-001,
          2.8468935189696465e+000 ]
   - !!opencv-matrix
      rows: 3
      cols: 1
      dt: d
      data: [ -1.0484128948015314e+000, 3.5954121289068952e-001,
          2.7133860868921689e+000 ]
   - !!opencv-matrix
      rows: 3
      cols: 1
      dt: d
      data: [ -1.2207244140803204e+000, 3.4700164246856535e-001,
          2.6276376690932128e+000 ]
   - !!opencv-matrix
      rows: 3
      cols: 1
      dt: d
      data: [ -1.2963074620609456e+000, 3.3924590965821932e-001,
          2.5869769467971229e+000 ]
   - !!opencv-matrix
      rows: 3
      cols: 1
      dt: d
      data: [ -9.7836669383166386e-001, 8.5071576652879732e-001,
          2.4801139620101154e+000 ]
   - !!opencv-matrix
      rows: 3
      cols: 1
      dt: d
      data: [ -6.7823560912492686e-001, 9.0531052072093809e-001,
          2.6370555081005631e+000 ]
   - !!opencv-matrix
      rows: 3
      cols: 1
      dt: d
      data: [ -1.3868082872449927e-002, 9.9027117696418754e-001,
          2.8608446909597203e+000 ]
   - !!opencv-matrix
      rows: 3
      cols: 1
      dt: d
      data: [ -7.6264122254503264e-001, -9.8437211147828774e-001,
          -2.8253117071635887e+000 ]
   - !!opencv-matrix
      rows: 3
      cols: 1
      dt: d
      data: [ -1.1352169816629067e+000, -9.1565792071486907e-001,
          -2.6160685324777631e+000 ]
   - !!opencv-matrix
      rows: 3
      cols: 1
      dt: d
      data: [ -7.1433367678022186e-001, -1.2930217325007511e+000,
          -2.6328103933948661e+000 ]
